0
0
0
16
21
22
26
30
36
50
59
81
82
83
84
86
95
98
107
111
113
118
120
129
139
140
166
173
178
179
181
189
216
219
222
226
226
229
240
245
247
255
256
261
275
277
283
284
293
311
320
327
329
337
338
340
340
349
357
375
375
377
377
381
389
390
391
402
409
414
422
432
432
439
442
465
473
475
486
489
493
502
527
529
531
534
540
545
551
553
563
565
570
573
577
578
580
584
587
594
599
612
614
654
660
684
686
705
726
735
735
736
736
747
749
767
778
781
783
811
812
835
861
865
878
888
909
919
928
939
941
965
992
1011
1016
1026
1030
1047
1053
1055
1068
1074
1083
1117
1133
1151
1153
1185
1198
1198
1235
1238
1244
1273
1280
1280
1285
1291
1296
1296
1305
1308
1315
1318
1321
1328
1343
1353
1364
1392
1413
1418
1464
1486
1494
1510
1528
1529
1564
1583
1585
1616
1630
1637
1638
1652
1661
1668
1701
1750
1782
1787
1824
1843
1851
1861
1899
1902
1931
1954
1971
1975
1980
2003
2026
2106
2129
2179
2190
2220
2246
2280
2323
2372
2389
2408
2417
2417
2417
2441
2442
2456
2478
2499
2503
2507
2512
2573
2603
2614
2634
2637
2658
2669
2707
2740
2813
2942
2949
2963
2965
2989
3006
3008
3012
3013
3041
3043
3056
3069
3072
3079
3099
3104
3106
3146
3155
3173
3214
3225
3227
3251
3257
3257
3268
3275
3280
3293
3346
3351
3388
3431
3475
3476
3502
3513
3540
3545
3594
3595
3615
3625
3632
3641
3647
3667
3699
3715
3737
3745
3752
3759
3792
3800
3805
3807
3841
3848
3872
3886
3930
3933
3945
3948
3953
3963
3969
4012
4020
4059
4071
4102
4174
4183
4203
4219
4219
4237
4245
4246
4290
4308
4322
4331
4343
4346
4357
4369
4385
4408
4466
4481
4492
4494
4510
4551
4554
4555
4556
4607
4652
4652
4737
4737
4775
4783
4794
4814
4815
4818
4818
4840
4852
4864
4892
4899
4906
4916
4926
4953
4967
5025
5036
5047
5062
5080
5114
5151
5174
5198
5218
5223
5237
5239
5259
5269
5289
5295
5317
5325
5327
5348
5370
5401
5403
5415
5421
5464
5498
5565
5581
5596
5607
5614
5697
5715
5721
5739
5765
5796
5797
5823
5828
5832
5847
5857
5860
5889
5929
5982
6014
6015
6042
6051
6064
6083
6084
6092
6099
6116
6128
6201
6205
6231
6245
6247
6253
6254
6271
6302
6307
6313
6355
6363
6384
6414
6416
6427
6472
6476
6480
6497
6497
6530
6551
6565
6568
6582
6584
6588
6596
6617
6622
6664
6721
6725
6741
6749
6758
6829
6885
6895
6917
6929
6957
6957
6996
7021
7033
7047
7053
7071
7096
7106
7114
7146
7151
7153
7170
7177
7178
7196
7197
7214
7245
7256
7269
7285
7321
7324
7377
7415
7472
7475
7501
7514
7535
7542
7572
7575
7577
7589
7618
7620
7633
7653
7689
7699
7718
7755
7758
7775
7827
7836
7852
7856
7887
7895
7949
7951
7954
8046
8065
8074
8099
8107
8119
8126
8154
8222
8230
8231
8256
8257
8263
8322
8323
8405
8457
8474
8527
8567
8588
8612
8626
8682
8710
8734
8746
8789
8791
8866
8870
8886
8913
8927
8947
9016
9023
9034
9124
9143
9209
9224
9230
9262
9264
9287
9291
9308
9324
9325
9351
9355
9384
9390
9405
9458
9473
9537
9542
9548
9573
9579
9614
9615
9619
9623
9634
9670
9679
9754
9757
9787
9788
9803
9813
9870
9884
10100
10124
10275
10290
10565
10607
10627
10696
10744
10793
10803
10899
10969
10988
11117
11188
11372
11396
11466
11626
11669
11671
11770
11811
11873
11968
