1
1
187
271
291
370
386
399
415
442
472
495
500
518
529
570
585
608
610
622
642
655
689
697
750
794
812
827
850
855
882
899
919
925
926
932
934
935
949
966
968
992
1003
1024
1097
1124
1156
1172
1185
1188
1201
1213
1236
1236
1254
1263
1276
1284
1289
1299
1324
1347
1356
1369
1374
1386
1431
1439
1449
1452
1453
1459
1467
1484
1539
1555
1558
1568
1576
1585
1614
1622
1663
1695
1707
1740
1743
1763
1763
1770
1771
1777
1804
1809
1824
1830
1848
1851
1877
1888
1905
1912
1929
1937
1953
1961
1970
1992
2016
2058
2059
2078
2189
2197
2199
2204
2213
2221
2271
2275
2324
2348
2351
2362
2363
2363
2402
2437
2455
2487
2513
2565
2597
2605
2620
2679
2726
2741
2772
2878
2882
2883
2886
2902
2919
2956
2974
3009
3010
3036
3048
3126
3130
3143
3172
3173
3174
3238
3250
3272
3348
3365
3370
3435
3495
3496
3535
3563
3564
3569
3591
3655
3664
3707
3716
3716
3730
3740
3781
3790
3795
3803
3823
3839
3840
3842
3860
3871
3880
3888
3889
3896
3942
3956
3960
3980
3995
4003
4028
4048
4049
4065
4068
4076
4081
4088
4134
4139
4148
4159
4176
4185
4195
4197
4243
4250
4261
4301
4305
4308
4375
4375
4377
4388
4410
4447
4448
4479
4499
4512
4514
4515
4570
4600
4647
4666
4696
4700
4704
4711
4735
4766
4773
4778
4799
4829
4829
4834
4836
4920
4930
4941
4976
4985
5015
5021
5028
5048
5051
5054
5084
5086
5102
5136
5136
5167
5179
5189
5193
5202
5244
5247
5279
5283
5333
5342
5349
5367
5387
5409
5417
5420
5445
5465
5486
5584
5590
5605
5616
5635
5692
5693
5700
5729
5743
5755
5844
5872
5915
5945
5964
6009
6026
6053
6065
6069
6100
6123
6176
6268
6310
6314
6335
6376
6381
6512
6518
6549
6638
6678
6689
6691
6743
6831
6840
6928
6930
7129
7211
7232
7253
7261
7288
7340
7348
7361
7500
7512
7559
7632
7642
7672
7890
7915
7928
7941
8019
8056
8106
8210
8254
8276
8307
8363
8379
8539
8577
8631
8633
8708
8742
8790
8792
8865
8866
8908
8928
8933
8946
8952
8964
8969
8969
8978
8998
9000
9017
9024
9034
9065
9073
9162
9201
9273
9295
9319
9343
9416
9464
9466
9496
9511
9539
9601
9620
9649
9661
9674
9697
9714
9724
9744
9774
9781
9797
9819
9828
9834
9850
9857
9875
9923
9945
9955
9993
10048
10062
10063
10066
10079
10079
10082
10127
10210
10239
10249
10256
10260
10289
10307
10338
10385
10398
10426
10438
10472
10477
10522
10557
10597
10641
10657
10680
10780
10810
10857
10874
10919
10929
10969
10975
10995
11053
11079
11102
11118
11122
11138
11176
11178
11205
11232
11357
11367
11406
11448
11449
11496
11558
11596
11611
11622
11636
11656
11702
11752
11778
11790
11804
11805
11844
11859
11881
11907
11934
11951
11960
12009
12012
12038
12068
12102
12140
12143
12309
12333
12375
12425
12466
12489
12521
12528
12543
12548
12586
12640
12642
12649
12662
12689
12701
12715
12792
12839
12841
12921
12950
12951
12972
12973
12984
12993
13049
13058
13133
13141
13162
13253
13261
13262
13275
13286
13338
13420
13439
13444
13483
13486
13573
13671
13680
13683
13733
13738
13742
13753
13762
13796
13820
13870
13895
13902
13902
13944
13958
13974
14009
14009
14048
14066
14082
14086
14107
14128
14137
14139
14203
14256
14258
14261
14274
14327
14340
14400
14422
14428
14432
14450
14458
14486
14504
14507
14508
14520
14535
14559
14574
14579
14590
14591
14599
14605
14613
14623
14639
14647
14662
14684
14688
14690
14692
14693
14705
14718
14728
14731
14740
14749
14757
14867
14868
14881
14892
14914
14921
14955
14985
14994
15043
15053
15079
15081
15096
15098
15149
15188
15189
15209
15226
15258
15273
15295
15349
15398
15408
15415
15438
15462
15483
15551
15566
15598
15603
15655
15662
15691
15692
15768
15779
15784
15864
15878
15882
15882
15895
15910
15927
15952
15954
15958
15983
15992
15993
16011
16011
16051
16061
16065
16094
16137
16143
16152
16168
16177
16192
16221
16232
16241
16245
16259
16262
16292
16297
16299
16313
16322
16329
16333
16366
16379
16392
16406
16408
16429
16432
16451
16460
16470
16482
16523
16544
16578
16592
16605
16624
16630
16635
16677
16707
16712
16722
16727
16741
16749
16768
16769
16790
16802
16810
16835
16847
16848
16856
16869
16873
16881
16882
16887
16895
16914
16917
16927
16973
16982
17009
17041
17046
17056
17080
17100
17111
17112
17140
17175
17187
17194
17195
17215
17218
17251
17260
17265
17278
17288
17299
17299
17331
17339
17343
17358
17360
17366
17385
17391
17415
17420
17475
17483
17497
17503
17514
17556
17558
17572
17573
17578
17600
17609
17617
17618
17620
17624
17645
17649
17672
17677
17682
17692
17708
17710
17713
17729
17740
17748
17772
17805
17813
17821
17822
17830
17851
17880
17895
17910
17910
17923
17933
17938
17943
17945
17946
17972
17973
17976
17976
17980
17984
17987
17993
17999
