76
86
87
92
96
96
99
103
104
104
107
112
117
127
132
138
140
142
147
153
155
166
189
206
215
263
270
289
334
352
357
368
370
378
422
455
476
480
504
526
533
556
585
613
621
625
634
644
670
677
701
764
779
782
787
788
830
868
878
891
903
909
938
948
963
973
1028
1034
1035
1045
1140
1145
1159
1277
1289
1291
1319
1384
1410
1410
1415
1498
1503
1534
1575
1613
1682
1708
1805
1807
1819
1819
1847
1863
1912
1968
1994
2005
2017
2054
2154
2225
2238
2246
2260
2267
2274
2287
2318
2344
2356
2380
2448
2452
2477
2504
2598
2665
2677
2713
2718
2723
2803
2812
2885
2909
2941
2995
2998
3108
3185
3204
3223
3264
3295
3360
3457
3603
3682
3690
3692
3751
3868
3884
4063
4111
4197
4257
4580
4582
4662
4685
4699
4731
4743
4778
4784
4795
4804
4873
5011
5198
5226
5416
5665
5764
5966
5987
6391
6447
6594
6659
6726
6763
6980
6981
7020
7171
7301
7304
7444
7547
7653
7685
7802
7875
7927
7933
8106
8209
8409
8430
8519
8527
8546
8658
9213
9250
9320
9864
9916
9955
9959
10140
10353
10670
10933
10956
10972
11006
11083
11142
11149
11251
11376
11413
11432
11446
11586
11597
11645
11741
12128
12287
12297
12349
12396
12404
12470
12554
12587
12619
12867
12871
13009
13070
13098
13112
13400
13629
13736
13770
13778
13820
13896
13936
14001
14049
14051
14068
14079
14187
14347
14348
14397
14399
14487
14524
14536
14587
14716
14811
14930
14934
14988
14999
15048
15063
15073
15074
15152
15183
15190
15238
15241
15256
15375
15386
15393
15419
15434
15447
15517
15598
15629
15671
15688
15772
15816
15824
15848
16041
16426
16461
16491
16563
16661
16797
16804
16845
16898
16950
17003
17049
17049
17151
17220
17223
17228
17278
17377
17386
17398
17399
17437
17562
17586
17610
17617
17636
17748
17762
17807
17850
17858
17869
17905
17926
17962
17988
17990
