32
47
254
310
320
386
401
441
450
475
477
510
516
523
526
538
543
554
567
581
597
618
672
696
724
724
753
770
778
796
812
833
841
855
901
914
941
943
944
967
978
980
982
986
1015
1047
1070
1082
1092
1096
1101
1127
1134
1147
1150
1153
1166
1170
1183
1227
1278
1286
1315
1327
1339
1367
1373
1396
1399
1420
1427
1441
1449
1463
1466
1475
1478
1488
1494
1505
1541
1554
1564
1565
1566
1599
1618
1620
1622
1640
1656
1697
1725
1745
1763
1773
1777
1786
1793
1815
1824
1832
1843
1859
1859
1897
1931
1947
1988
2050
2068
2124
2147
2147
2159
2165
2187
2195
2220
2226
2230
2251
2259
2266
2280
2297
2349
2355
2367
2384
2461
2465
2533
2535
2539
2550
2560
2597
2598
2599
2609
2611
2628
2635
2685
2690
2706
2706
2711
2720
2723
2736
2751
2780
2789
2797
2802
2803
2855
2862
2943
2962
2963
3028
3032
3062
3095
3181
3182
3186
3224
3237
3268
3324
3350
3355
3364
3382
3401
3419
3420
3423
3439
3440
3450
3458
3507
3516
3585
3589
3610
3611
3623
3708
3741
3746
3759
3767
3777
3809
3809
3830
3895
3895
3908
3957
3958
3962
3968
3978
4008
4045
4070
4076
4113
4119
4173
4190
4238
4241
4267
4279
4322
4372
4393
4394
4396
4401
4403
4415
4428
4450
4457
4465
4467
4488
4490
4496
4507
4515
4526
4544
4546
4546
4574
4575
4626
4650
4660
4704
4717
4721
4743
4840
4843
4844
4866
4916
4922
4924
4929
4951
4964
4967
4982
4984
4985
5025
5042
5061
5067
5079
5093
5095
5095
5134
5135
5135
5140
5184
5193
5207
5211
5226
5241
5247
5256
5258
5308
5315
5332
5333
5335
5345
5349
5375
5378
5389
5433
5442
5455
5461
5464
5489
5495
5525
5535
5574
5587
5609
5620
5622
5655
5658
5665
5675
5676
5682
5689
5696
5715
5719
5741
5757
5767
5774
5783
5817
5834
5850
5851
5922
5943
5950
5965
5974
5999
6022
6030
6045
6063
6074
6110
6174
6193
6195
6269
6273
6285
6291
6321
6355
6361
6366
6377
6396
6453
6453
6454
6484
6498
6501
6511
6513
6525
6556
6568
6568
6576
6582
6587
6590
6601
6638
6643
6669
6692
6692
6735
6745
6787
6790
6797
6812
6833
6835
6848
6859
6864
6871
6876
6933
6945
6997
7003
7014
7069
7070
7114
7125
7130
7158
7175
7187
7190
7193
7215
7239
7249
7253
7265
7307
7333
7351
7371
7448
7502
7514
7517
7522
7532
7534
7544
7547
7549
7554
7562
7578
7578
7611
7635
7644
7647
7704
7706
7731
7739
7744
7787
7818
7830
7837
7857
7869
7872
7891
7901
7943
7949
7953
7983
7984
8075
8075
8098
8113
8121
8126
8174
8180
8218
8251
8265
8267
8275
8277
8279
8307
8345
8355
8359
8362
8379
8415
8416
8482
8485
8507
8537
8538
8542
8557
8583
8584
8589
8603
8610
8611
8678
8683
8712
8735
8751
8755
8766
8774
8783
8803
8808
8836
8850
8895
8896
8912
8914
8939
8950
8976
8985
